résultats pour 1 itération, 150 IA, une probabilité de 75% de muté et 4 mutaition maximum sur la même ia :
 le 140 a gagné 28 partie et a comme caract 3859 5263 6177 4544 7749 2690 9298 2033 6697 8567 9671 3025 6702 8719 6476 9819 2946 3452 3017 437 2553 899 8204 3428 2558 5222 9966 7403;
 le 8 a gagné 22 partie et a comme caract 3845 2086 8525 7782 4937 7156 4030 6269 7616 1927 9701 7044 5718 6681 424 6841 6509 2213 2475 1291 1608 975 1046 9304 8186 3603 4158 4637;
 le 69 a gagné 22 partie et a comme caract 6645 3597 4232 1943 5378 9267 937 6534 9817 5642 1872 5336 6231 4392 1045 8147 9546 9125 1403 6903 3322 7468 4749 3263 5042 7055 8339 2905;
 le 85 a gagné 22 partie et a comme caract 4891 9944 4800 3575 6103 3733 4106 1746 9040 7033 5724 2645 6223 8147 9383 1362 7834 837 7463 3241 9930 4403 3917 4771 4536 1555 8518 4171;
 le 113 a gagné 21 partie et a comme caract 7100 551 3458 7310 5860 9868 2551 5888 2273 3266 2331 6967 9533 6723 6574 3020 6317 3803 6783 695 3195 833 9935 8938 9425 5995 5621 7942;
 le 61 a gagné 19 partie et a comme caract 5397 9600 8980 474 7881 1964 2930 2512 4452 6605 9416 9928 6371 7665 4607 4064 8007 4392 5401 5640 197 3231 2122 5105 5861 3430 3172 5933;
 le 130 a gagné 19 partie et a comme caract 2565 1614 7112 8589 1118 2786 1141 9880 8406 9338 2482 7338 8054 3959 4633 1997 9783 2676 1436 9675 8503 3191 1697 4611 4847 2578 5083 1379;
 le 9 a gagné 18 partie et a comme caract 8792 853 1339 1232 4162 6823 9139 3542 2860 2610 3343 2036 1213 8982 8835 7517 7196 3860 8096 5417 5579 2078 1945 4063 7351 3143 4560 5907;
 le 17 a gagné 18 partie et a comme caract 7360 6867 2034 252 4092 7957 5920 7940 6907 5992 5940 5262 4628 4234 6731 8045 4600 4279 740 9186 541 8333 3833 8589 1449 7350 6091 1590;
 le 70 a gagné 18 partie et a comme caract 8899 7566 2503 5628 752 2527 7944 1623 7479 4200 1768 1550 341 4250 2980 1650 9855 6206 9619 905 8867 4745 2463 6616 6241 699 1553 6512;
 le 30 a gagné 17 partie et a comme caract 9748 7127 2908 3083 6076 3248 3657 286 6104 6184 755 1216 1847 4164 5957 6359 6576 8623 1400 3174 6552 2268 9647 9606 1868 6509 4979 7369;
 le 31 a gagné 17 partie et a comme caract 1352 6539 1249 3808 7822 5333 3800 5296 8766 5988 2393 4105 5664 4213 4600 2063 6222 7366 2924 6095 1510 2444 1103 4743 9477 5139 775 8917;
 le 50 a gagné 17 partie et a comme caract 7501 9103 9612 1122 4910 7248 3252 6447 6238 9565 1397 2095 1939 1895 2745 8979 76 4500 8570 7130 7852 3414 7631 8585 3935 1182 6171 7489;
 le 116 a gagné 17 partie et a comme caract 3358 6113 2383 368 4792 8681 1490 7624 346 4467 2204 5603 3214 7777 4099 9080 1107 5811 6578 2690 9676 2051 6552 5544 6954 2538 2185 9124;
 le 33 a gagné 16 partie et a comme caract 244 6392 1057 5116 2507 5825 1047 1637 9549 6083 994 7239 7668 8793 143 8084 3625 7743 9458 6345 6831 4291 1822 6180 2972 6629 278 341;
 le 63 a gagné 16 partie et a comme caract 61 2799 1487 9431 4763 9100 3398 8347 4010 1281 4207 7273 652 6083 6677 6354 9040 4643 6204 5524 7791 4582 4930 1525 6127 9736 8156 65;
 le 89 a gagné 16 partie et a comme caract 5987 9421 2809 6871 1882 7035 8444 1023 2671 1223 5811 3862 7731 3965 8835 9829 6739 4523 4342 9137 805 6495 9556 2253 7620 6125 5789 3822;
 le 91 a gagné 16 partie et a comme caract 7177 8898 7195 5451 4754 7072 5613 3840 5374 9424 2916 5479 6977 7525 9376 5365 2573 7747 1732 7056 5622 2928 8872 980 8141 2707 6212 306;
 le 5 a gagné 15 partie et a comme caract 2923 9273 5772 218 8230 866 6618 9319 8918 1639 3115 2303 1958 5655 8065 5731 796 1606 1807 7535 1727 5335 3122 1513 4165 8567 2242 6606;
 le 41 a gagné 15 partie et a comme caract 6850 3340 9106 2128 9613 1771 8652 2546 4554 9095 8154 3036 1454 6755 3985 4189 6994 9099 6815 7616 2813 1611 5445 3443 7059 2263 8971 3234;
 le 52 a gagné 15 partie et a comme caract 5494 902 5039 6626 522 3669 7735 9703 692 2751 7904 9727 5733 406 6338 3253 3688 3881 4325 70 2124 4307 829 7607 6596 6877 98 9407;
 le 62 a gagné 15 partie et a comme caract 2732 1508 6860 6249 4185 6353 3444 5227 566 7140 8784 8082 8238 4437 9377 9135 8329 1337 7543 675 1627 2608 2654 8293 5055 6953 2477 7228;
 le 97 a gagné 15 partie et a comme caract 1839 7893 9940 3428 4250 7118 872 2195 4355 504 6415 535 8305 9636 6297 4812 2240 4945 1452 8500 2952 2700 9600 9570 3840 6195 2803 8793;
 le 126 a gagné 15 partie et a comme caract 4284 2875 9563 6199 2915 1635 8703 2474 7599 3158 393 5018 8852 9967 2662 4797 6406 7383 4912 7510 7462 4794 8453 9960 5616 4845 6738 8709;
 le 136 a gagné 15 partie et a comme caract 1262 1014 2578 6673 6957 5403 4767 7720 6313 1032 5627 2143 6701 1019 2527 4438 9791 1482 2326 3899 3392 82 7644 3670 7107 1876 5250 6329;
 le 26 a gagné 14 partie et a comme caract 8610 375 4686 308 4980 1014 1750 2614 4479 6124 5161 7250 2650 8115 4925 7894 6136 437 9196 4069 66 1820 3856 9985 5430 5758 434 938;
 le 47 a gagné 14 partie et a comme caract 3934 5503 2527 3901 8861 3621 471 3522 5572 9827 740 2102 3536 2958 8028 3246 3037 1381 4 5109 6652 9868 617 1635 2873 2834 9856 147;
 le 53 a gagné 14 partie et a comme caract 5366 4405 1411 8996 6295 2442 3430 9278 7461 2233 383 532 4978 1201 5340 208 40 6483 8941 8125 2869 146 8940 3383 6745 8703 1602 3074;
 le 88 a gagné 14 partie et a comme caract 1725 2171 8699 4553 5286 5260 8423 7455 7552 4014 2322 5559 3780 918 8766 22 6733 2338 2212 5322 4438 4149 4533 6351 9801 4177 3898 558;
 le 111 a gagné 14 partie et a comme caract 9445 8885 8480 1742 9011 6752 6330 6210 4922 2963 8222 7698 9972 6138 7148 7305 9118 9131 1051 2978 390 1863 267 1032 2333 5472 5054 6146;
 le 146 a gagné 14 partie et a comme caract 215 8300 5228 9269 4166 3651 5060 6869 6234 3467 6369 8789 8477 4324 7244 7299 8202 6854 5245 9570 1349 8977 4750 4610 7461 7136 7333 5570;
 le 3 a gagné 13 partie et a comme caract 6426 5076 1530 9310 7414 3895 870 7569 7236 3716 9048 2857 6330 4656 9215 8281 520 1552 6167 6438 421 2592 7006 8997 6464 6573 4497 3316;
 le 11 a gagné 13 partie et a comme caract 4786 2229 1694 5198 9277 7837 8253 4871 146 9645 8558 3615 5331 8351 9554 4637 5409 3623 6958 6117 7750 4493 2666 3565 9068 4355 7208 4375;
 le 20 a gagné 13 partie et a comme caract 8657 1339 7096 6405 6906 2062 1310 4450 1374 1704 1460 6850 178 8021 5166 4336 3957 261 407 8535 6991 4548 8909 2420 8472 5885 6229 1197;
 le 35 a gagné 13 partie et a comme caract 4715 9868 7862 519 9500 7300 6908 7808 3924 6708 5089 6897 1807 5683 3877 7362 5793 648 1610 2229 7106 1025 8959 9435 5775 3796 3492 8328;
 le 44 a gagné 13 partie et a comme caract 6273 4829 8264 3830 2695 2880 115 5553 9962 2757 7411 8632 4596 7436 3622 4956 121 2903 2786 9716 3064 3586 2179 1511 63 3350 3130 6248;
 le 45 a gagné 13 partie et a comme caract 5713 3871 4459 939 5995 8831 5087 6748 136 4644 4293 7706 413 6554 6081 2523 6296 6266 223 839 3271 3801 2679 4878 1656 730 1408 3011;
 le 104 a gagné 13 partie et a comme caract 586 3904 1237 2704 3646 4479 3111 1206 5318 3009 4223 4011 1354 3938 9276 7212 5012 1734 748 939 6446 2522 3867 2458 5133 6703 6972 6573;
 le 129 a gagné 13 partie et a comme caract 8393 5130 2907 4657 5535 9549 9832 9558 2622 6809 2432 4449 7062 8272 3407 262 3102 8209 8805 7619 9147 2887 3401 9197 7200 5171 4892 709;
 le 147 a gagné 13 partie et a comme caract 9369 668 5324 1452 7338 950 806 3687 836 5848 1739 4529 8046 2266 3343 9288 2906 7858 2907 9191 4307 3828 9203 1529 4390 5805 3477 2244;
 le 1 a gagné 12 partie et a comme caract 8197 1006 1329 2352 7234 6855 990 9545 278 6429 4562 7534 8123 5422 8111 3717 8732 4460 6694 9139 233 686 7882 1552 3227 555 126 1812;
 le 6 a gagné 12 partie et a comme caract 5204 1597 1867 8006 5470 9594 9437 2839 5480 2260 4800 1117 4459 9203 7431 9222 248 5677 6713 2713 4854 2999 7183 7776 917 553 4970 5699;
 le 7 a gagné 12 partie et a comme caract 5560 6449 9301 3741 5355 8573 8500 8356 8779 5436 9920 7889 9250 3979 85 5940 9527 6399 4813 4392 6919 6037 3409 9142 5748 6254 3309 673;
 le 21 a gagné 12 partie et a comme caract 5514 653 7111 3453 2671 7367 8561 6634 6002 3455 7884 6218 413 5934 8392 7949 5627 8232 8035 8472 6552 5952 9331 2292 7596 4367 3830 3917;
 le 32 a gagné 12 partie et a comme caract 8916 1361 1254 2919 4205 103 7994 108 7185 2712 210 3967 6567 6514 8241 9610 5133 2351 8184 3192 9594 8114 1214 4157 270 8822 659 2152;
 le 68 a gagné 12 partie et a comme caract 6551 6887 3868 9263 390 7611 213 8173 7544 1220 9466 1191 4711 338 4431 685 5602 1794 5419 964 2562 1231 5717 6970 789 838 8682 159;
 le 76 a gagné 12 partie et a comme caract 2922 4155 8426 4642 2813 7946 9021 5996 6284 1673 5597 5343 9585 904 6268 1337 3573 9291 7892 6876 330 4706 6659 7531 5855 5609 6127 4652;
 le 83 a gagné 12 partie et a comme caract 5918 8715 3069 6041 3533 8329 7847 3134 4681 4319 9221 5383 8613 9575 1091 1050 8622 6169 5320 1092 7410 3776 4685 8587 9449 9119 1175 9449;
 le 100 a gagné 12 partie et a comme caract 6500 7125 8249 5958 8511 2995 6443 4647 3180 855 1381 1098 4133 9834 4667 1894 5204 5693 8997 1731 8088 6614 6607 5150 9011 1897 4805 7047;
 le 105 a gagné 12 partie et a comme caract 9936 9444 5281 4503 1824 8816 7944 3741 6708 1998 578 9778 296 5767 5955 5726 3007 7831 1960 6759 8832 1109 2175 9791 4997 9034 3993 302;
 le 120 a gagné 12 partie et a comme caract 3836 4597 4383 8480 1744 3860 390 947 8830 7343 6011 2179 1256 474 9105 2187 1477 4448 3011 5132 8776 5333 5888 8920 949 8607 6199 2299;
 le 2 a gagné 11 partie et a comme caract 9730 1412 8848 6102 4623 6073 5208 5172 1323 359 598 2333 6458 5716 9124 1182 1048 4970 7890 7390 4015 1175 1952 7676 4820 8203 7910 9700;
 le 25 a gagné 11 partie et a comme caract 7742 5809 5321 8418 5435 4773 9489 7778 189 4349 8333 4722 7931 2158 8130 5051 2119 5403 4686 8661 9824 6627 6670 6450 4315 5853 4158 931;
 le 34 a gagné 11 partie et a comme caract 5132 5140 5892 244 6650 9721 2724 5512 7954 1688 3852 6825 4269 9563 7523 9258 8632 6784 3428 5584 959 2935 9778 2838 553 1563 632 4691;
 le 51 a gagné 11 partie et a comme caract 4485 7044 9859 2288 7564 1251 9193 2908 1136 9555 1073 2788 1666 541 2392 7730 7131 393 876 6310 610 471 2905 6967 60 9913 3690 9420;
 le 58 a gagné 11 partie et a comme caract 4184 3204 4027 8505 6614 4196 1760 8273 6812 8280 5511 4158 7387 2019 8612 3615 5574 4030 1924 4922 5597 5090 9931 1022 2251 6933 2819 1355;
 le 74 a gagné 11 partie et a comme caract 2305 9274 7084 3302 2900 2195 8959 8672 2729 3910 4964 8879 3180 2248 1512 9047 8557 1779 5537 4851 3716 5103 3595 8009 396 4257 5143 3911;
 le 98 a gagné 11 partie et a comme caract 2176 2623 3497 754 655 955 9098 3425 9702 894 8515 3573 6052 2094 1932 339 7942 7567 9422 2618 7069 1263 4998 3719 8250 7235 727 9198;
 le 102 a gagné 11 partie et a comme caract 6673 4453 2187 4281 9630 1698 3274 3381 1348 2728 6000 1958 8320 2671 2395 4381 9857 3647 3077 7404 4874 2481 6230 9501 1080 671 6206 8451;
 le 119 a gagné 11 partie et a comme caract 4563 4330 4660 7080 6925 2936 2114 9822 3783 9680 6955 5360 7127 7029 5697 3231 6614 2118 8667 885 988 5838 6909 763 896 3613 2961 4815;
 le 122 a gagné 11 partie et a comme caract 3440 963 984 5054 2662 1347 3880 1208 701 7899 295 1423 2590 1312 7903 3137 8795 1880 4499 9639 7860 6754 5219 7450 9436 951 265 4888;
 le 0 a gagné 10 partie et a comme caract 1857 5402 3376 2440 238 2753 7498 7697 7582 5 4371 926 4309 4158 3484 2893 5400 7074 2771 3680 3736 599 6619 6161 6391 6581 845 6605;
 le 10 a gagné 10 partie et a comme caract 1134 3352 8453 1945 9496 5164 5601 8525 234 1297 1074 4326 5536 5858 5967 5663 6250 6772 3159 6876 8363 4555 4030 6866 1190 5774 7090 6230;
 le 15 a gagné 10 partie et a comme caract 9533 7239 9495 1580 7203 1363 9589 1325 592 4222 82 2875 3079 2370 7293 8463 8453 5348 1176 3249 4911 4234 1641 5994 9989 1690 1292 8588;
 le 27 a gagné 10 partie et a comme caract 2137 2642 2962 983 5159 5646 6226 8344 2252 9086 7664 637 7045 8848 5143 4669 525 6406 5862 2781 489 6574 1347 3813 3411 9954 3087 472;
 le 38 a gagné 10 partie et a comme caract 8776 8652 305 570 6585 2949 8445 3123 9576 7922 1164 3070 230 272 4276 586 2212 8740 1891 9531 1442 998 8419 3799 1919 6158 5742 2949;
 le 40 a gagné 10 partie et a comme caract 4488 1522 325 8877 3641 8240 2670 1360 4411 4008 4444 1500 5321 8349 4180 3467 9874 6476 7822 7968 6196 6866 2028 5336 3078 9658 3295 7611;
 le 49 a gagné 10 partie et a comme caract 6464 8892 5764 9558 8319 1694 8484 9536 8734 3894 52 7706 7989 4844 1925 7396 7800 5113 2692 7227 538 2258 4326 3650 7709 8854 4588 6423;
 le 90 a gagné 10 partie et a comme caract 4719 1264 899 6689 449 3135 259 9624 1999 474 5922 9103 2995 8847 6728 3794 5076 935 9143 1043 4782 4271 6507 9352 365 2206 3565 871;
 le 92 a gagné 10 partie et a comme caract 5372 1999 505 9061 4549 8443 3502 469 1642 3362 2352 3219 8420 1589 2901 3282 1814 1396 5376 3130 6835 5428 5470 5802 1360 1413 8196 4418;
 le 93 a gagné 10 partie et a comme caract 2000 3421 9411 6567 8807 9543 4387 9433 187 461 1185 7343 7561 1852 4094 5047 3633 3016 1052 6813 6428 8740 8423 5898 7063 8895 8883 3776;
 le 103 a gagné 10 partie et a comme caract 8445 9966 9791 6069 3212 5132 6497 3633 2041 941 4593 4597 6809 8169 8366 2326 5378 8314 2191 8997 6019 4082 9927 1122 5665 648 9120 5241;
 le 137 a gagné 10 partie et a comme caract 224 6733 6277 1788 583 9228 6856 1773 2320 7060 3245 6218 230 2935 2795 9337 501 4641 3167 2653 8894 4551 6577 3839 1315 7771 7922 8608;
 le 145 a gagné 10 partie et a comme caract 7911 7094 2089 6077 1971 9829 5510 4126 4106 1324 8267 4015 5557 6765 6849 9158 5586 5637 6438 5935 5968 8825 5814 1611 8738 3012 2534 2768;
 le 149 a gagné 10 partie et a comme caract 7141 2970 1107 6154 5163 1422 8948 4279 5469 717 7988 4755 2177 1478 2614 1280 3343 3164 1599 4197 5170 2394 8939 9987 9464 1307 5723 6758;
 le 29 a gagné 9 partie et a comme caract 6021 6912 2540 5637 8167 9402 4118 1547 4970 7355 6290 246 5150 4771 7427 8519 4785 9129 3632 6607 2873 7070 7638 5001 3671 6385 9802 1751;
 le 43 a gagné 9 partie et a comme caract 4308 94 5994 7717 1139 7045 5005 6675 9275 4504 8361 2361 646 2702 749 774 1256 7375 4448 3690 453 5434 7625 9664 3272 8771 8903 5436;
 le 54 a gagné 9 partie et a comme caract 1863 1628 7304 3323 2040 2722 209 3256 1743 2871 6507 7117 6615 768 8773 2358 5432 8861 1581 5473 6266 8695 5608 3231 1904 8472 7083 7074;
 le 56 a gagné 9 partie et a comme caract 190 524 7762 2896 8557 4227 3793 5898 1802 7991 7961 7785 8834 5979 2302 9036 5020 3279 1292 603 4215 9351 9619 7544 5040 1120 8308 9762;
 le 80 a gagné 9 partie et a comme caract 7590 331 3432 3797 9556 4882 5877 9824 4574 5184 8784 3780 2955 6812 9491 6114 9132 5038 1838 1820 5120 5476 3397 3478 2145 3810 5194 8998;
 le 86 a gagné 9 partie et a comme caract 9756 245 1015 6296 1512 9332 4240 3678 841 1598 7081 3379 2851 5537 5970 3013 2166 3440 5027 3686 8781 2443 2601 3011 5696 4131 9107 363;
 le 95 a gagné 9 partie et a comme caract 8896 7609 1975 9802 76 6642 8713 1686 4360 9678 8108 2380 5695 7152 3710 4745 8468 4037 3262 8747 2583 8602 8244 8245 937 9367 1481 7571;
 le 99 a gagné 9 partie et a comme caract 5682 4334 555 8072 921 8488 5708 8626 1912 1116 2663 8325 5942 3895 9457 8652 2885 5226 6601 7419 2253 8084 6958 5667 110 5513 3791 1407;
 le 112 a gagné 9 partie et a comme caract 6357 9695 1076 9903 2887 6374 4243 2668 1435 6672 639 7437 9725 3266 5509 4376 3192 2381 8908 7779 5977 6187 1415 8860 4079 2522 9656 3332;
 le 117 a gagné 9 partie et a comme caract 3394 2988 4993 129 4342 3208 8446 9138 9640 9501 8310 6567 7403 2142 9660 8429 4001 4635 3408 5286 4617 4765 594 812 4631 8442 2722 5644;
 le 118 a gagné 9 partie et a comme caract 3319 6961 8036 7957 9997 1998 5567 6950 2432 215 6103 6454 868 2825 6031 7281 3177 8993 7553 8986 8566 6070 2746 6795 0 5054 8877 8468;
 le 133 a gagné 9 partie et a comme caract 1920 6747 5869 2279 7096 5597 3520 4494 1732 1817 362 108 4477 5194 1412 1218 1936 1553 1433 9061 3342 2032 4336 6516 9660 6091 4596 6870;
 le 134 a gagné 9 partie et a comme caract 3837 9655 8923 5945 9832 3697 1332 5995 4483 2628 355 8963 1159 6510 3270 4274 5916 2020 5057 2435 255 5004 3028 6368 1919 3209 841 3102;
 le 142 a gagné 9 partie et a comme caract 8948 3909 9783 8781 7995 7105 7499 6728 6156 2635 6146 5267 5975 2526 2768 2227 8702 129 6497 675 5770 9434 764 7787 6785 9982 506 7521;
 le 14 a gagné 8 partie et a comme caract 6497 4564 4843 814 7349 1503 3688 9898 5969 9640 3409 4452 9619 7783 5906 7488 4261 7601 2597 7813 6184 8425 7045 9484 368 3909 1983 2361;
 le 59 a gagné 8 partie et a comme caract 3747 5443 9558 2878 6047 8657 8104 5455 3172 3147 8531 3532 7216 9688 5531 2235 7350 1211 6695 7676 8805 6204 8472 1745 7775 4372 3398 9969;
 le 71 a gagné 8 partie et a comme caract 3788 9765 315 2455 5641 4593 4865 7419 7309 8305 3616 3632 747 4055 73 2157 1035 9490 1207 4212 5034 5035 6121 6725 9052 4365 7471 65;
 le 73 a gagné 8 partie et a comme caract 7117 7120 9747 7461 2060 621 1185 5712 1053 2369 5051 3255 8546 5759 5610 2700 6135 7104 7050 6768 8694 9446 7330 719 3733 771 6596 9861;
 le 75 a gagné 8 partie et a comme caract 8325 6846 3776 7098 4813 6985 9499 238 5312 193 4727 4233 4889 426 7843 2678 3104 2462 7407 8256 1537 5296 2101 7629 3341 4353 9299 5022;
 le 77 a gagné 8 partie et a comme caract 1622 3768 1736 2832 8683 3838 982 2272 8975 7355 9553 331 526 2554 4093 7163 7236 5451 3535 8989 8012 9171 5912 5765 2295 5463 7392 4178;
 le 78 a gagné 8 partie et a comme caract 8745 5010 2512 1982 9905 3735 8729 5537 9183 640 8564 4485 3912 8955 2237 7385 1894 4129 1082 7299 1617 6205 5490 8151 8673 4883 6948 3522;
 le 82 a gagné 8 partie et a comme caract 48 4291 2448 7857 8494 3605 897 4085 7278 4062 7815 1112 7150 2121 1526 4329 3720 5907 8492 9841 4577 961 8771 2072 3286 7574 3555 9619;
 le 94 a gagné 8 partie et a comme caract 1366 8862 6076 9721 6627 2926 4362 7592 3078 8348 9660 174 2946 2353 8541 5352 9052 5931 7358 893 555 7405 6128 9870 1442 9465 161 8385;
 le 101 a gagné 8 partie et a comme caract 2315 4225 8255 2746 7209 5362 1956 6196 2477 3380 6883 7924 3180 7599 2727 5330 7102 6292 3738 7361 2113 6360 4622 8086 4360 4193 298 6937;
 le 107 a gagné 8 partie et a comme caract 8667 3609 5676 3814 947 4881 989 380 8571 1124 1550 7434 2417 1778 5441 8938 632 8435 5150 4965 5906 6408 7264 3916 9754 798 5079 4364;
 le 109 a gagné 8 partie et a comme caract 3955 9792 5565 3954 5409 128 4229 4043 9371 8084 3208 7052 5318 2122 3532 9111 8086 6489 2566 6134 6185 3500 2596 3102 6175 2032 3412 8420;
 le 110 a gagné 8 partie et a comme caract 4819 3223 2521 8750 1535 729 248 3532 1079 4248 7699 4881 4409 4426 8518 9585 8561 7899 9268 4573 1430 5575 7320 3631 7000 6934 7036 1586;
 le 123 a gagné 8 partie et a comme caract 6375 4005 4998 5706 203 3650 7967 3817 4694 3990 4604 6230 4829 3166 339 398 4803 548 4206 2177 5710 8191 1401 3061 8392 6354 9066 8615;
 le 124 a gagné 8 partie et a comme caract 1007 3287 6399 7618 7287 2117 9859 514 6431 8344 9247 3206 6738 6174 9495 9439 4824 3940 6767 3827 3837 3539 8786 573 9270 1172 8514 3520;
 le 131 a gagné 8 partie et a comme caract 4016 7094 1643 7624 7565 3216 4831 8993 4019 8287 9602 322 4571 4489 8220 5970 3501 5447 4577 6490 1202 2824 756 5958 6149 3902 1198 4188;
 le 138 a gagné 8 partie et a comme caract 9126 9397 9621 4033 5600 4030 9893 1455 3799 3155 108 1550 4850 5515 4869 5628 9435 8916 1014 315 4643 4391 5290 7472 3818 4780 8154 8433;
 le 143 a gagné 8 partie et a comme caract 8912 306 8075 8148 6683 984 9975 7464 7988 3919 4890 104 2824 4385 8029 3967 1250 5098 939 6005 6343 7193 6449 9162 4637 7598 4292 1940;
 le 24 a gagné 7 partie et a comme caract 9159 6575 1610 4271 6477 876 3962 776 2600 5185 5666 8741 8195 9002 7532 4175 142 742 5021 8414 5083 2271 8224 1127 5955 8197 1790 173;
 le 36 a gagné 7 partie et a comme caract 8957 5078 4090 8651 304 8340 4183 9383 7923 6426 2131 3213 2998 2192 8754 1487 8200 5071 3659 387 6046 9793 3812 2864 1828 1132 9529 8078;
 le 48 a gagné 7 partie et a comme caract 7262 1308 1391 5704 3197 1294 6584 4624 1729 2045 7030 8043 4546 7139 127 4887 718 526 6448 3268 8457 2988 5603 2742 9322 6345 9695 2411;
 le 57 a gagné 7 partie et a comme caract 4892 7469 6292 2907 3551 5942 2354 3449 4141 1402 8833 2127 3908 7248 1538 9343 4460 9736 8141 1735 6678 7478 2748 950 3784 9783 94 8452;
 le 81 a gagné 7 partie et a comme caract 2491 3625 6117 8603 4490 6800 7162 3368 3529 8371 8703 7041 6680 7814 3888 2207 3540 8193 5379 8703 5234 7245 827 1084 1814 3692 7865 9257;
 le 128 a gagné 7 partie et a comme caract 7990 4708 406 7530 8381 857 268 7441 1064 2405 1855 4863 8147 2945 1765 5950 4441 2787 4246 3909 9378 7710 4985 1504 7531 4467 5523 1657;
 le 135 a gagné 7 partie et a comme caract 752 8656 2953 2262 5727 9204 4639 7811 6032 7718 197 655 4765 747 7677 3179 7026 2852 1039 9221 3251 1085 3934 6506 1174 506 3007 9458;
 le 141 a gagné 7 partie et a comme caract 8299 9997 9041 1876 7865 3669 721 6473 1686 2337 8457 6118 2215 4302 5914 8617 4642 4424 6249 39 2168 5265 1158 9014 6015 7645 2767 6703;
 le 12 a gagné 6 partie et a comme caract 2715 1889 3216 4466 6582 2049 6647 4981 5571 2453 6399 6937 4135 5394 2324 4638 4968 784 5666 7336 9191 7858 1700 9108 6565 8189 3941 1437;
 le 13 a gagné 6 partie et a comme caract 7150 7128 3269 6195 324 5409 7290 1555 110 7873 3817 8605 7964 8304 6965 2551 1129 2746 3327 9943 9406 4022 5654 3059 6152 1991 8440 1718;
 le 16 a gagné 6 partie et a comme caract 2623 1070 152 4512 7136 9319 6409 6119 4098 9818 60 3897 6765 9697 1069 7074 4325 6401 3455 4247 2307 5900 4027 4991 5706 7169 1170 9421;
 le 19 a gagné 6 partie et a comme caract 2886 1094 3887 9136 9361 2057 8883 7705 3370 5953 1062 8178 2073 5946 661 469 2413 1203 4746 9489 4991 1902 1561 7635 1269 9684 630 8050;
 le 22 a gagné 6 partie et a comme caract 4302 7188 6177 4781 8138 5016 9513 7752 3793 6507 4286 6096 5739 1418 4799 7577 3395 5684 7922 590 5755 5843 8198 8934 8205 260 9332 7711;
 le 23 a gagné 6 partie et a comme caract 6080 6932 9207 7775 1077 5441 4294 8225 1345 6375 9835 9048 4281 289 6337 5190 430 1169 248 4959 5049 8104 4417 6730 181 601 4241 8586;
 le 28 a gagné 6 partie et a comme caract 6044 916 9920 4724 4112 7262 666 3400 4236 4388 568 3197 813 6735 8063 7529 9764 6867 4553 6935 3909 9400 2932 1086 611 1345 2359 8855;
 le 37 a gagné 6 partie et a comme caract 7275 5594 3078 1958 5330 8896 1514 3394 969 3011 7284 8341 9561 277 4424 7836 8371 6815 3117 7059 9106 212 3265 2942 9045 712 7501 622;
 le 39 a gagné 6 partie et a comme caract 1469 9117 8021 1252 1515 6608 9206 9037 1807 6953 6856 9267 3839 9990 4178 2562 4678 5912 2688 2382 8708 6754 7534 356 5614 1796 5107 461;
 le 60 a gagné 6 partie et a comme caract 9598 1505 2123 8042 6324 4297 5315 123 1007 7839 774 4989 8828 2229 7851 31 6077 5320 9253 2651 2062 8719 5756 7177 8664 3565 5386 1729;
 le 64 a gagné 6 partie et a comme caract 8529 2766 2381 9850 8769 296 7699 9446 7205 6274 7112 8422 5194 1499 1586 5986 6122 6762 8385 5156 7792 9750 7887 1399 3117 4450 9346 4498;
 le 66 a gagné 6 partie et a comme caract 4275 5415 765 6615 2881 8913 863 196 685 8802 7492 8622 8540 5412 4903 6264 8505 7510 62 7035 4657 151 2500 1264 9986 2780 4745 394;
 le 72 a gagné 6 partie et a comme caract 4325 8954 2030 7742 5029 4459 2230 7185 5347 5865 9658 4632 2284 9654 8558 2615 6422 2824 4558 7926 8583 758 5028 5954 7558 2274 3058 693;
 le 127 a gagné 6 partie et a comme caract 8265 9355 8126 1745 4428 875 8156 2541 6851 7277 783 9063 8922 2938 179 2464 2748 1362 4395 6807 2936 6910 8488 7778 2769 3810 3209 418;
 le 148 a gagné 6 partie et a comme caract 6046 1555 1735 1553 1443 1054 6835 7087 1187 5245 26 869 9078 8033 1866 3203 1838 6639 6849 1309 4968 9782 4880 5434 7681 4682 5030 6722;
 le 42 a gagné 5 partie et a comme caract 9883 587 14 8308 321 3380 2255 515 3758 4099 7359 338 1623 2938 8581 877 6850 784 5400 4509 8863 6200 3863 8316 4242 1412 4944 4449;
 le 65 a gagné 5 partie et a comme caract 5644 6720 1025 3789 1014 3978 4828 1750 4300 9594 4180 3992 3326 2989 9271 5216 1943 7324 7565 5249 6558 6828 3251 6690 4767 1245 6355 3257;
 le 67 a gagné 5 partie et a comme caract 5742 6473 500 4160 1237 6160 7470 2978 9600 3974 5561 7316 2679 6329 7180 1807 1448 3848 4654 569 2973 6926 9829 422 7213 9644 2368 2588;
 le 79 a gagné 5 partie et a comme caract 6256 9099 4226 1945 4141 2844 4092 4974 7265 2223 3737 4489 6698 855 5954 660 1678 9123 1924 6384 5450 5043 1920 2345 796 4313 7999 9675;
 le 84 a gagné 5 partie et a comme caract 3104 3237 4995 2010 8704 1877 4698 1241 7435 2166 7118 9690 4826 2284 3828 8098 9792 6678 3383 7169 9181 8103 1437 3726 7038 2399 5799 4650;
 le 106 a gagné 5 partie et a comme caract 3422 9589 3921 6464 5353 5379 1767 6826 3424 3139 2357 532 9398 6511 5250 6997 2670 7903 6376 8564 4454 9342 6241 2755 1665 5313 8420 3841;
 le 108 a gagné 5 partie et a comme caract 6740 2779 562 2182 4319 3249 5428 9313 161 1893 9793 5429 4191 4504 6112 4775 490 9236 3079 4433 1445 9709 6333 1980 7493 6819 5193 1630;
 le 115 a gagné 5 partie et a comme caract 8474 7956 2881 3309 849 9688 1094 9505 946 9889 1664 7649 6442 4672 64 8369 3594 592 7063 3829 5092 6647 9853 3203 4247 3246 7905 6031;
 le 121 a gagné 5 partie et a comme caract 9654 7963 1243 7597 3352 4829 631 2188 3506 2825 485 3277 6146 427 8567 7038 2284 7578 5143 2493 6457 8111 4290 6515 6708 5190 7742 3857;
 le 125 a gagné 5 partie et a comme caract 7470 7743 3998 9815 535 9278 4292 5627 2728 3025 7690 7133 1551 7149 5295 221 2090 1159 5319 342 3031 9980 4837 1437 5539 1304 3086 7668;
 le 139 a gagné 5 partie et a comme caract 1237 639 6379 2021 7672 6415 9267 7227 3024 2877 1272 8805 5263 7200 4260 9638 2149 819 2046 7335 6034 6863 3653 1760 103 7819 6784 8651;
 le 144 a gagné 5 partie et a comme caract 7684 9606 8616 2323 9101 2043 2374 5880 6981 6018 371 9187 8939 6153 2705 3090 5809 8649 7118 9686 7095 8768 3715 994 1734 9894 2522 5646;
 le 4 a gagné 4 partie et a comme caract 715 6144 1276 9101 5638 4440 2622 399 3083 7485 5465 7351 5681 8314 3368 3488 4768 3992 238 274 2257 9171 5289 8177 3134 5188 947 1993;
 le 18 a gagné 4 partie et a comme caract 5652 1942 7648 6027 6877 1347 973 5231 2490 4102 9353 3813 8751 6397 5666 7467 9877 5531 1194 1556 8299 9986 5365 8596 4477 2018 5584 8183;
 le 46 a gagné 4 partie et a comme caract 6693 6007 6598 7930 339 2061 3329 3595 3095 6791 4028 4922 646 8263 8918 7849 2997 8689 8458 8977 9226 363 2152 9639 1453 9778 6561 7176;
 le 55 a gagné 4 partie et a comme caract 2180 415 109 5686 819 4414 4826 9969 918 7838 2619 9872 117 8303 369 5664 9743 1497 302 3301 6076 5747 3158 836 2113 6418 7261 1321;
 le 96 a gagné 4 partie et a comme caract 3459 461 6508 5817 7833 940 9733 3790 9047 7168 3939 5225 8982 9814 3334 8055 8417 3688 3410 1966 8275 9153 2852 937 9248 3269 7318 2834;
 le 114 a gagné 3 partie et a comme caract 9361 2510 1688 6968 4484 6463 2197 6970 2709 6719 3727 9845 6247 1205 124 844 6402 4054 5819 8874 7837 9842 203 7722 4001 1477 5000 135;
 le 132 a gagné 3 partie et a comme caract 7710 3921 1517 4106 6127 8203 2798 813 2314 1691 9710 2993 6390 7236 9048 7026 9373 5104 4745 6840 2594 9967 2976 9515 1815 7664 5368 6322;
 le 87 a gagné 2 partie et a comme caract 4211 2131 9012 1485 4939 7572 9148 3225 1010 4145 2883 1266 1239 5891 7903 2134 9274 5129 5291 6599 8515 7285 8904 1926 4465 9843 5583 6165;
